0.21312 0.34123
1.12312 1.34212
1.18273 --
-- --
1.18121 1.18574
1.18121 1.18574
1.18244 1.18021
20.9765 4.76224
1.99653 3.35242
3.00000 3.11111
2.42564 2.39524
2.01541 3.98574
3.15244 3.00021
3.97653 3.76224
4.99653 4.35242
4.67361 4.12311
3.42564 3.39524
2.01541 1.98574
3.15244 2.70021
3.97653 3.76224
4.99653 4.35242
3.00000 3.11111
4.42564 3.39524
3.01541 3.98574
2.15244 2.00021
3.97653 3.76224
2.99653 2.35242
3.00000 3.11111
2.42564 2.39524
2.01541 3.98574
3.15244 3.00021
3.97653 3.76224
4.99653 4.35242
3.00000 3.11111
3.00000 3.11111
2.42564 2.39524
3.97653 3.76224
3.97653 3.76224
4.99653 4.35242
3.00000 3.11111
3.00000 3.11111
3.15244 3.00021
3.97653 3.76224
4.99653 4.35242
4.99653 4.35242
4.99653 4.35242
